31097695
31097703
31095837
31095569
31093907
31093199
31097123
31096421
31097035
31095475
31091979
31096175
31097437
33243435
31092973
31093715
31092839
31096833
31091417
31091597
31091641
31091805
31092211
31092647
31092747
31092827
31092831
31093299
31094131
31094265
31094347
31094523
31094585
31094631
31094763
31095159
31095231
31095329
31095421
31096687
31096775
31097065
31097269
31097449
31097599
31097955
31098295
31094539
31822703
31875363
31875383
31091789
31094291
31092805
31094173
31095589
31092567
31091407
31091501
31092349
31092423
31092599
31093481
31093611
31093667
31094291
31094449
31094523
31094839
31095353
31095405
31095629
31096491
31096579
31097085
31097375
31097511
31097573
31097925
31098009
32085155
31875423
31091737
31092855
31094071
31094587
31094825
31096995
31093571
31095629
31094065
31091703
31094659
31092315
31096425
31091715
31091807
31094449
31093007
31096643
31092371
31095949
31095107
31091653
31095867
31096193
31095045
31097209
31094301
31091585
31093083
31091679
31092323
31091397
31092115
31092671
31095881
31095369
31093447
31094083
31091609
31091599
31091633
31094699
31094363
31096537
31093959
31094519
31092557
31092673
31096533
31093541
31097985
31092725
31093327
31092679
31095313
31094179
31093309
31091597
31092341
31096425
31096831
31095035
31096385
31098009
31096745
31098009
31097715
31097449
31091603
31093475
31091711
31097663
31094267
31093893
31092113
31097541
31095737
31093143
31094367
31096767
31094941
31092803
31093483
31095517
31096289
31096497
31093615
31096577
31098149
31093145
31093441
31092601
31093145
31092087
31092377
31093159
31093183
31093685
31094543
31093611
31096113
31096115
31095925
31098585
31093953
31094403
31095487
31093361
31092185
31097051
31095155
31092463
31092801
31094609
31092657
31092827
31092085
31092731
31091975
31091503
31095571
31097287
31091565
31091515
31095373
31096003
31097221
31091671
31096675
31095019
31093949
31091549
31094665
31093267
31097405
31097405
31097729
31094929
31098473
31094413
31093535
31098083
31095379
31097027
31095431
31094951
31091319
31091383
31091423
31091597
31091613
31091643
31091949
31092647
31092935
31092969
31093687
31093855
31094209
31094661
31094669
31094817
31095161
31095175
31095403
31095647
31095677
31095707
31095765
31095767
31095773
31095867
31096193
31096377
31096497
31096643
31096807
31096977
31097551
31097565
31097777
31097869
31098011
31098033
31098095
31098365
31098505
31098589
31875333
31875301
31093141
31093617
31096017
31097257
31093831
31096109
31098103
31093995
31096145
31095715
31096063
31091501
31092933
31094299
31096759
31091419
31096777
31091717
31094473
31094009
31091759
31094349
31093391
31097281
31096581
31095965
31093623
31097551
31094209
31094495
31095641
31092273
31097605
31094901
31094321
31094431
31093297
31094947
31093599
31092575
31094529
31091747
31092949
31094627
31093449
31095801
31092773
31093389
31095017
32162677
31094671
31094005
31092997
31094595
31093261
31092335
31094265
31091505
31093529
31096749
31095937
31098549
31092423
31096977
31091933
31093481
31093481
31093591
31093939
31091605
31091731
31093301
31091731
31093301
31093137
31096035
31092167
31095879
31096547
31097763
31095195
31092643
31875293
31093277
31094897
31092993
31096807
31097241
31098209
31091719
31096409
31096813
31091399
31098385
31092665
31094043
31093161
31095343
31092445
31093637
31091921
31093667
31094377
31091525
31094275
31098287
31875393
31096279
31093047
31095297
31095435
31095581
31096063
31094175
31875431
31091467
31097145
31094523
31096355
31091879
31093983
31096355
31097595
31093601
31091327
31096441
31095699
31093235
31093233
31093727
31095843
31097535
31095393
31096179
31096255
31096127
31095733
31095645
31092597
31093255
31093639
31091863
31091635
31091705
31091725
31091847
31092805
31092959
31093651
31093655
31094165
31094381
31095477
31095681
31095699
31096281
31096437
31096879
31097339
31097373
31098057
31098581
32334415
31092793
31091725
31092553
31094507
31096823
31091405
31097475
31091913
31091533
31091339
31092555
31094147
31095413
31096049
31094143
31097027
31096483
31094381
31092879
31095425
31093023
31094589
31094253
31093067
31092473
31094799
31092685
31092053
31095527
31095291
31094373
31095291
31091563
31097207
31097673
31095001
31094237
31093589
31091647
31091355
31091995
31092079
31092947
31096575
31095293
31093369
31092543
31091733
31092381
31096993
31096085
31091663
31095677
31091567
31095181
31095181
31096873
31092551
31095299
31095387
31093319
31094119
31095805
31094577
31091793
31091919
31096287
31092083
31094999
31096211
31096471
31097075
31094789
31091437
31095635
31095315
31097233
31092463
31092699
31092853
31094473
31095949
31096857
31097755
31095157
31875307
31096167
31096167
31096273
31091319
31094003
31091619
31091597
31091823
31092463
31092699
31092733
31092803
31092853
31092861
31093153
31093483
31093661
31093743
31094053
31094473
31094579
31094927
31095051
31095057
31095177
31095515
31095517
31095789
31095949
31096289
31096307
31096341
31096661
31096687
31096705
31096749
31096829
31096857
31097233
31097235
31097307
31097359
31097385
31097431
31097451
31097537
31097541
31097591
31097667
31097755
31097851
31098001
31098055
31098085
31098381
31098585
31260659
31607539
31095543
31091345
31095337
31096283
31092821
31097841
31095581
31097273
31094707
31091871
31091741
31091999
31093095
31093485
31092561
31091523
31093651
31095477
31091335
31095595
31096059
31095513
31093201
31094095
31091641
31091597
31092647
31093955
31098205
31094177
31093323
31092969
31094827
31098215
31096805
31096771
31097359
31092241
31091831
31092241
31092363
31092411
31095303
31096699
31097867
31916843
31093173
31094059
31096121
31097039
31091367
31093837
31094247
31093881
31094721
31096139
31093271
31092721
31093479
31093479
31091751
31093683
31093237
31092159
31094427
31092899
31094585
31091471
31091991
31096289
31097723
31098085
31092209
31092063
31091493
31096665
31094159
31098541
31095765
31092477
31093185
31094703
31093763
31094625
31094307
31875267
31097393
31091337
31093017
31091819
31093539
31097893
31092637
31094061
31095175
31091749
31095625
31097443
31095951
31095037
31093507
31096489
31096731
31092207
31094343
31095903
31091883
31092833
31096661
31096555
31092489
31093657
31097873
31092189
31094191
31098339
31093063
31093675
31092851
31094739
31095989
31094225
31091705
31093109
31097171
31093417
31093913
31091565
31091765
31091889
31092147
31092327
31092381
31092473
31092487
31092551
31092701
31092795
31092805
31092837
31092921
31093009
31093019
31093141
31093143
31093309
31093349
31093369
31093371
31093473
31093485
31093529
31093611
31093613
31093623
31093727
31093823
31093831
31093881
31093891
31093913
31094003
31094037
31094043
31094179
31094199
31094269
31094381
31094441
31094511
31094529
31094699
31094709
31094733
31094799
31094809
31094823
31094837
31094931
31094999
31095155
31095177
31095219
31095315
31095373
31095413
31095641
31095775
31096063
31096109
31096113
31096145
31096167
31096207
31096233
31096273
31096549
31096581
31096637
31096667
31096675
31096765
31096767
31096813
31096833
31096901
31097241
31097475
31097609
31097661
31097683
31097779
31097997
31098011
31098339
31098491
31098581
31093949
31098051
31274861
32032785
32033393
32061521
32154461
31094605
31875307
31875319
31875321
31875337
31875309
31875413
31095229
31091473
31092845
31093059
31093815
31094017
31095093
31094175
31092299
31875431
31093641
31095025
31098527
31097181
31095407
31094745
31091931
31093397
31094943
31092809
31097531
31092497
31096551
31098175
31092747
31096155
31091823
31098489
31096893
31092655
31095057
31094353
31096615
31097505
31094569
31095539
31095219
31091757
31094167
31095817
31095991
31094579
31093981
31095367
31092607
31094485
31092813
31095461
31092955
31091535
31093687
31094239
31093817
31096521
31095639
31094919
31095615
31097451
31095485
31095449
31096917
31094019
31093009
31098365
31095271
31096459
31093295
31097453
31097423
31094261
31097779
31093823
31094709
31094709
31097795
31096281
31092767
31095323
31092131
31097109
31093473
31096593
31097565
31096227
31091649
31092197
31096579
31093283
31094661
31091513
31092749
31097307
31091601
31097597
31096667
31091621
31096203
31092913
31095533
31091299
31096437
31094645
31097375
31094287
31093775
31091279
31093341
31093467
31092409
31092083
31092185
31092297
31092305
31092463
31092567
31092685
31092699
31092783
31092801
31092853
31093371
31093539
31093891
31094083
31094257
31094391
31094553
31094587
31095045
31095239
31095315
31095353
31095367
31095553
31095567
31095715
31095949
31096033
31096075
31096211
31096255
31096425
31096665
31096831
31097045
31097531
31097755
31098063
31098083
31098339
31311797
31092313
31097653
31094931
31093879
31097869
31095089
31094053
31093477
31092889
31094867
31092599
31095857
31095767
31098055
31093153
31094199
31095919
31092531
31095329
31094099
31096531
31093019
31098459
31094833
31093191
31096165
31096219
31094311
31095051
31095911
31096687
31094365
31092921
31092921
31095705
31091445
31096433
31096795
31093131
31091939
31096195
31096339
31093967
31094119
31091855
31094441
31096569
31091949
31092329
31095943
31096123
31096165
31092847
31097957
31096829
31093655
31093779
31095757
31094771
31093731
31094875
31094673
31095111
31095789
31093179
31094269
31093661
31092321
31094583
31094633
31093509
31093217
31092055
31093125
31096935
31097311
31094613
31096935
31097311
31093557
32669339
31092103
31096191
31094151
31094161
31095239
31093579
31092235
31097643
31096207
31091765
31097243
31094037
31092909
31095177
31094787
31097855
31094851
31097325
31091607
31875409
31094889
31095209
31091781
31095209
31095639
31091597
31091823
31092463
31092699
31092733
31092803
31092853
31092861
31093153
31093661
31093743
31094579
31094927
31095051
31095177
31095515
31095789
31095949
31096289
31096307
31096341
31096661
31096687
31096705
31096749
31096829
31097233
31097385
31097431
31097451
31097667
31097755
31097851
31098001
31098055
31098381
31260659
31098373
31093625
31092357
31091861
31092227
31092247
31095775
31091705
31091725
31091847
31092805
31092959
31093651
31093655
31094165
31094381
31095477
31095681
31095699
31096281
31096437
31096879
31097339
31097373
31098057
31098581
32334415
31091613
31095647
31093279
31094809
31097557
31093793
31092811
31092349
31096373
31092349
31094967
31096597
31094837
31097835
31096253
31093947
31092803
31093483
31092803
31096121
31092863
31093331
31095297
31093413
31092701
31094241
31093033
31098519
31092861
31091397
31091657
31092825
31093327
31096137
31092541
31091735
31097709
31092287
31094759
31094685
31091701
31092039
31093799
31095179
31091415
31096173
31098049
31096563
31097591
31092795
31097129
31095265
31093555
31094475
31093645
31094347
31092487
31095497
31095553
31094997
31094881
31094669
31093855
31093289
31091363
31095079
31094823
31091905
31092915
31096863
31092901
31092971
31094733
31094281
31091937
31092283
31093947
31094129
31097109
31098527
31097777
31091643
31092969
31092783
31093891
31097755
31096831
31094257
31097041
31093371
31095353
31092297
31092853
31095949
31095567
31094181
31091611
31095809
31092759
31093187
31093459
31094499
31096257
31097351
32857887
31096945
31095603
31097365
31092927
31094955
31094359
31092885
31093363
31093231
31092825
31094137
31095225
31096033
31092437
31095231
31092009
31097537
31094949
31091489
31093333
31091489
31094719
31095053
31096671
31092493
31092705
31091273
31093605
31094391
31097363
31095771
31091897
31091295
31094795
31097611
31094229
31094629
31091643
31092935
31092969
31094661
31094669
31095161
31097509
31092935
31091877
31092733
31093209
31095773
31096989
31094401
31097045
31093865
31097859
31098109
31092443
31091899
31095241
31095377
31096225
31098511
31091453
31095043
31092073
32256663
31094805
31097629
31094395
31092107
31092907
31095555
31093659
31097863
31093167
31095897
31093773
31093783
31093941
31095065
31093621
31092095
31094835
31096465
31096197
31096869
31093689
31093897
31094055
31094663
31092225
31092963
31094757
31093705
31093025
31094213
31096523
31096653
31092751
31095503
31096217
31095003
31096543
31093247
31094425
31096877
31092415
31096475
31096639
31092099
31096443
31092787
31098599
31092987
31092373
31095687
31095095
31092775
31096321
31091459
31095953
31091593
31095129
31097055
31098257
31091593
31094305
31094749
31093575
31091755
31869427
33029265
33023161
33023253
33026939
33029155
33028139
33115905
31869429
31875259
31869421
31869431
31869435
31869447
31869453
31869459
31869463
31869473
31869479
32162351
32162677
32872457
31096169
31097787
31093569
31091349
31093011
31092481
31096851
31098299
31096951
31091615
31095223
31096061
31093937
31095821
31091817
31094013
31875471
31092337
31094415
31091851
31094763
31092603
31091953
31093281
31095427
31094829
31095549
31093171
31095861
31093847
31094227
31091693
31094305
31091993
31096267
31093737
31098557
31094245
31092989
31092687
31093547
31093245
31093901
31091697
31094063
31092525
31094477
31094153
31092765
31097483
31092441
31092967
31091521
31093299
31095529
31091973
31096091
31092957
31091427
31094399
31096701
31097163
31092145
31093993
31097921
31098551
31931677
31092585
31095815
31091659
31094635
31097907
31097645
31093395
31094107
31093649
31095891
31091803
31095665
31093835
31096239
31096763
31098017
31092031
31092367
31091447
31093491
31095797
31096245
31096963
31091595
31095031
31092823
31094417
31095131
31091837
31093673
31095395
31093673
31092449
31093349
31096605
31095241
31093973
31092365
31093423
31092183
31096371
31095415
31096967
31092595
31092139
31095499
31091507
31091291
31094379
31091727
31092171
31097319
31092979
31094115
31094285
31093203
31097523
31092577
31092989
31093339
31093803
31093927
31094829
31095867
31096383
31093339
31096819
31091305
31092995
31095245
31095945
31096541
31091951
31091511
31094259
31092985
31092203
31094527
31091361
31095509
31092191
31091627
31091393
31091571
31092471
31093985
31095717
31096789
31095173
31091553
31098101
31091435
31092645
31094883
31091435
31091465
31091711
31092645
31092751
31094255
31095627
31095777
31097983
32334415
31095593
31092677
31095141
31095283
31091987
31093055
31093219
31093889
31094223
31095091
31095195
31096889
31096971
31092745
31092713
31095663
31093107
31096099
31095689
31095471
31096957
31096887
31092153
31096423
31091637
31092399
31093585
31095897
31096135
31097545
31098283
31092223
31877625
31097545
31096135
31093911
31093523
31093751
31097525
31092023
31093451
31094977
31095017
31095697
31095731
31095885
31096841
31096987
31098327
32162677
31091843
31096265
31094651
31092547
31092201
31092475
31094965
31092019
31092435
31092769
31091555
31091771
31095885
31091359
31095849
31094777
31092991
31098253
31095599
31093239
31094735
31092317
31097107
31094769
31093813
31091739
31097641
31092163
31094355
31094355
31091579
31092797
31093089
31093991
31096663
31093885
31095365
31091903
31094731
31095269
31093929
31097685
31096689
31097805
31097061
31094655
31095741
31095541
31094677
31095777
31094533
31091693
31092361
31092361
31097399
31093139
31097005
31097477
31092799
31097555
31095029
31093745
31095047
31096031
31091623
31094029
31098059
31092169
31095709
31093795
31093951
31096357
31094447
31091813
31092219
31091813
31096457
31094801
31096595
31096047
31097887
31095515
31094315
31094945
31092757
31094551
31092617
31093987
31096737
31097805
31094149
31098197
31095847
31096041
31095061
31098319
31093127
31094563
31097527
31097343
31095975
31095125
31093427
31093105
31097677
31095385
31094189
31095013
31091443
31096927
31093603
31091927
31096981
31091451
31093471
31096241
31096247
31093123
31094903
31091791
31091683
31094981
31094853
31093167
31095725
31095185
31093759
31095117
31094235
31093355
31091825
31094619
31091853
31097939
31095701
31091983
31093411
31097553
31092911
31875471
31095347
31097415
31097793
31095215
31092667
31092975
31092639
31097159
31095609
31096171
31094327
31095409
31094909
31094969
31094697
31091463
31092465
31091403
31095807
31095977
31094899
31093643
31094517
31096073
31096021
31095383
31095339
31095713
31092941
31094007
31093115
31092137
31091629
31095397
31091575
31091625
31093785
31093403
31097977
31097517
31093431
31094439
31092263
31094695
31094695
31091797
31093903
31875523
31094255
31092359
31092895
31092627
31095831
31092025
31091655
31096189
31091461
31092431
31092723
31091487
31095851
31094717
31093337
31093149
31097427
31092105
31094977
31093921
31091941
31091857
31095839
31093761
31095133
31091947
31094357
31098097
31093633
31093827
31094513
31093827
31093633
31097459
31097429
31096589
31091981
31093405
31093699
31094491
31091869
31093653
31096515
31096557
31096557
31092097
31094371
31093357
31091551
31091355
31092271
31092843
31097095
31095123
31095929
31097833
31096763
31097077
31097389
31092199
31091887
31091661
31091547
31093741
31093069
31092399
31096677
31092033
31095381
31096721
31097217
31094779
31094211
31092483
31091449
31092161
31094243
31095803
31095683
31093679
31092041
31098247
31092789
31096411
31097639
31096077
31094611
31092003
31094205
31093909
31096817
31093207
31096541
31098177
31096567
31095445
31091617
31094647
31098147
31095749
31092491
31095071
31096947
31095871
31092135
31098591
31093729
31095381
31098061
31096507
31096455
31092141
31092319
31094567
31091277
31095083
31095073
31096209
31091425
31094077
31093075
31095501
31092165
31092393
31092439
31094457
31095501
31096143
31097975
31092165
31094421
31094935
31091777
31091989
31092393
31094105
31092117
31093559
31096739
31095187
31092653
31094601
31094335
31095907
31095325
31095279
31096243
31095811
31094157
31095443
31097215
31091753
31095321
31094293
31096561
31097433
31093753
31095619
31092285
31093563
31094751
31094751
31092343
31095947
31091969
31092075
31092373
31093453
31093505
31093569
31093647
31094069
31094807
31094887
31095133
31095257
31095429
31095573
31095867
31096235
31096791
31097233
31097845
31098095
31098439
31093229
31875475
31092261
31096519
31091333
31091433
31097189
31091543
31092559
31091959
31094765
31095945
31094555
31093969
31093933
31091911
31095441
31093439
31094855
31092017
31093677
31097699
31091833
31095995
31093293
31097927
31093293
31091369
31097337
31095467
31097895
31093713
31093401
31095841
31096341
31094385
31095983
31096029
31094921
31092583
31093877
31095611
31092395
31095227
31097727
31091311
31097649
31096131
31096025
31093803
31096679
31098223
31094693
31096403
31096885
31095557
31095623
31095247
31096565
31095423
31091569
31091625
31091659
31091767
31092277
31092883
31092925
31093263
31093395
31093501
31093735
31093787
31093873
31094257
31094389
31094753
31094973
31094981
31095169
31095275
31095343
31095367
31095553
31095621
31095633
31095719
31095947
31095963
31096029
31096079
31096255
31096291
31096443
31096619
31096621
31096785
31097031
31097357
31097917
31098347
31098441
31097561
31095955
31093489
31093251
31096391
31096285
31094283
31092537
31094957
31093061
31094635
31092755
31092593
31091317
31091739
31092059
31092249
31092253
31092289
31092399
31092453
31092661
31092989
31093471
31093477
31093565
31094041
31094091
31094171
31094397
31094599
31094743
31094793
31094847
31094969
31095145
31095273
31095427
31095457
31095511
31095533
31095577
31095783
31095947
31096053
31096363
31096477
31096503
31096649
31096703
31096751
31096921
31096967
31097229
31097433
31097527
31097539
31097561
31097703
31097707
31097787
31097863
31097929
31097939
31097943
31098101
31098181
31301409
31098069
32069551
31875515
31092253
31094397
31092661
31094171
31094743
31094847
31097707
31096649
31096751
31094345
31096803
31096651
31092111
31091745
31091745
31093435
31096381
31095877
31096369
31097791
31092777
31097861
31091301
31096583
31094559
31096363
31096503
31091347
31092267
31094097
31095077
31095419
31095121
31091967
31095211
31095309
31092703
31095375
31091969
31095987
31095087
31098025
31097875
31094121
31092149
31097021
31097137
31095753
31096733
31095129
31098135
31097675
31095779
31094101
31093851
31098129
31093375
31092453
31092461
31091795
31091353
31098181
31094725
31096119
31093631
31096725
31095961
31097111
31097153
31095483
31094383
31095483
31095935
31096969
31092157
31096319
31093487
31098165
31093487
31094869
31096603
31095681
31096405
31093197
31096965
31096303
31093857
31094887
31092977
31095885
31097615
31097995
31098087
31875307
31875259
31875291
31875275
31875277
31875279
31875283
31875285
31875287
31875293
31875313
31875317
31875319
31875321
31875327
31875329
31875333
31875337
31875341
31875343
31875345
31875347
31875351
31875355
31875359
31875363
31875373
31875375
31875379
31875381
31875383
31875385
31875387
31875389
31875391
31875393
31875397
31875399
31875435
31875301
31875309
31875407
31875409
31875413
31875415
31875421
31875423
31875425
31875401
31094455
31092629
31092503
31091287
31091331
31091569
31091923
31092001
31092605
31092733
31092893
31093413
31093503
31093871
31093883
31094465
31095097
31095307
31095467
31096039
31096309
31096711
31096775
31096845
31096975
31097103
31097245
31097737
31098107
31098413
31095267
31875519
32162677
31096039
31094465
31097103
31096975
31092001
31093871
31092605
31095307
31094761
31096309
31096309
31091923
31098199
31091935
31091809
31096779
31095819
31096891
31094591
31095825
31095825
31094599
31098241
31091373
31097617
31095927
31096349
31095931
31093653
31092529
31095145
31095411
31096673
31092485
31095829
31096599
31091275
31091279
31091283
31091287
31091289
31091291
31091295
31091297
31091299
31091301
31091303
31091305
31091307
31091315
31091319
31091323
31091325
31091327
31091331
31091333
31091339
31091341
31091343
31091345
31091349
31091351
31091355
31091357
31091363
31091365
31091369
31091371
31091377
31091379
31091381
31091383
31091387
31091389
31091391
31091395
31091397
31091399
31091405
31091407
31091409
31091413
31091415
31091417
31091419
31091421
31091423
31091425
31091427
31091431
31091433
31091435
31091437
31091439
31091441
31091443
31091445
31091447
31091449
31091451
31091453
31091455
31091457
31091459
31091461
31091465
31091467
31091471
31091473
31091475
31091477
31091479
31091481
31091483
31091485
31091487
31091489
31091491
31091493
31091497
31091499
31091501
31091503
31091505
31091507
31091513
31091515
31091519
31091521
31091523
31091525
31091527
31091529
31091531
31091535
31091537
31091539
31091543
31091545
31091549
31091551
31091553
31091555
31091559
31091561
31091563
31091565
31091567
31091569
31091573
31091577
31091579
31091581
31091583
31091585
31091587
31091589
31091597
31091601
31091603
31091605
31091607
31091611
31091613
31091615
31091619
31091625
31091629
31091631
31091633
31091635
31091637
31091641
31091643
31091645
31091647
31091649
31091651
31091653
31091655
31091657
31091659
31091661
31091663
31091671
31091675
31091679
31091683
31091685
31091687
31091691
31091693
31091695
31091697
31091699
31091701
31091703
31091705
31091707
31091709
31091711
31091713
31091715
31091717
31091719
31091721
31091723
31091725
31091729
31091731
31091733
31091735
31091737
31091741
31091743
31091745
31091747
31091749
31091751
31091753
31091755
31091757
31091759
31091761
31091763
31091765
31091767
31091771
31091773
31091775
31091779
31091781
31091783
31091785
31091789
31091791
31091793
31091795
31091797
31091803
31091805
31091807
31091809
31091811
31091815
31091817
31091819
31091823
31091827
31091829
31091831
31091833
31091835
31091837
31091839
31091841
31091843
31091847
31091851
31091853
31091855
31091857
31091859
31091861
31091863
31091865
31091867
31091869
31091871
31091873
31091875
31091877
31091879
31091881
31091883
31091885
31091887
31091889
31091891
31091895
31091897
31091899
31091901
31091903
31091905
31091907
31091909
31091913
31091915
31091917
31091919
31091921
31091923
31091925
31091927
31091929
31091931
31091933
31091937
31091939
31091943
31091945
31091947
31091949
31091951
31091955
31091959
31091965
31091967
31091969
31091971
31091973
31091975
31091977
31091987
31091989
31091991
31091993
31091995
31091999
31092001
31092005
31092007
31092011
31092013
31092015
31092019
31092023
31092027
31092029
31092031
31092035
31092039
31092041
31092043
31092047
31092049
31092053
31092061
31092063
31092065
31092067
31092069
31092071
31092079
31092081
31092083
31092085
31092089
31092093
31092097
31092099
31092101
31092103
31092105
31092109
31092113
31092115
31092117
31092119
31092121
31092123
31092125
31092127
31092129
31092131
31092133
31092137
31092139
31092143
31092145
31092147
31092151
31092155
31092157
31092159
31092163
31092167
31092171
31092179
31092181
31092183
31092185
31092189
31092193
31092197
31092201
31092203
31092205
31092207
31092209
31092211
31092215
31092217
31092223
31092225
31092227
31092231
31092233
31092235
31092237
31092239
31092241
31092245
31092247
31092251
31092253
31092255
31092257
31092259
31092261
31092263
31092265
31092267
31092269
31092273
31092275
31092277
31092279
31092281
31092283
31092285
31092287
31092291
31092293
31092295
31092297
31092303
31092305
31092309
31092311
31092315
31092317
31092321
31092323
31092325
31092327
31092329
31092333
31092335
31092337
31092339
31092341
31092343
31092345
31092349
31092353
31092355
31092357
31092359
31092361
31092363
31092365
31092367
31092369
31092371
31092373
31092375
31092377
31092379
31092381
31092383
31092385
31092387
31092389
31092391
31092393
31092395
31092403
31092405
31092407
31092545
31093743
31094799
31095091
31095103
31095263
31095731
31096125
31096215
31096261
31096283
31096309
31096361
31096493
31096545
31096553
31096559
31096585
31097173
31097317
31097325
31097431
31097683
31097931
31098075
31098081
31098087
31098105
31098233
31098239
31098245
31098255
31098303
31098313
31098327
31098367
31098451
31098487
31098571
31274861
31301899
31509035
31510507
31535597
31562351
31931677
31091985
31561701
32173107
31096745
31092299
31091799
33150261
31875515
33299747
31091517
31097837
31093757
31098023
31093465
31098559
31091509
31092697
31097571
31093709
31093065
31096921
31092545
31095575
31096453
31096153
31092569
31092501
31096089
31096683
31094621
31094325
31094057
31096755
31097487
31096469
31097487
31095429
31096107
31097395
31093581
31091707
31092905
31096257
31091955
31092291
31091955
31091457
31092407
31098497
31092389
31092791
31093551
31095973
31093041
31093719
31091591
31091595
31098015
31092429
31094995
31091977
31095169
31091499
31092779
31092089
31093681
31092401
31094289
31094033
31097411
31094219
31097467
31097239
31092625
31094905
31098345
31091917
31094811
31095933
31097963
31094233
31094705
31095377
31097845
31095459
31093767
31094871
31094887
31095257
31095459
31097845
31095319
31092563
31097379
31093225
31095545
31096749
31096037
31093273
31098493
31098529
31094521
31094201
31095345
31092981
31093517
31096205
31097141
31092867
31096553
31097169
31097169
31097263
31093157
31098219
31092663
31091685
31095577
31091421
31097759
31092067
31096843
31091341
31094259
31091541
31094087
31094123
31093399
31097251
31093519
31093501
31094603
31091783
31093393
31093867
31095853
31091307
31095075
31095465
31091423
31095887
31093577
31094503
31097897
31097559
31092613
31094081
31098161
31095361
31094773
31095101
31095941
31091895
31093975
31095165
31095833
31097043
31096447
31098291
31092061
31093177
31094221
31097681
31095613
31093819
31092589
31093923
31094351
31091355
31091543
31091775
31091791
31091995
31092013
31092101
31092261
31092349
31092589
31092621
31092649
31092815
31092865
31092931
31092943
31092975
31092983
31093203
31093243
31093263
31093367
31093379
31093473
31093501
31093581
31093717
31093739
31093747
31093807
31093819
31093853
31093923
31093979
31093983
31094221
31094329
31094351
31094505
31094531
31094561
31095195
31095391
31095519
31095613
31095733
31095761
31096117
31096317
31096407
31096545
31096567
31096799
31096937
31096975
31096991
31097031
31097073
31097585
31097681
31097849
31098123
31098177
31098391
31098487
31098521
31098441
31192969
32100603
31877619
31875435
31875513
31096545
31093243
31877619
31096317
31092815
31094405
31092931
31093979
31093367
31092865
31094329
31093853
31091297
31094027
31093691
31096069
31092623
31091455
31092887
31091695
31096079
31097749
31875415
31091901
31092507
31095153
31092881
31096811
31094297
31094525
31091673
31094753
31092355
31093049
31095649
31093249
31093087
31095693
31093437
31097383
31092187
31094747
31092903
31093387
31096141
31092193
31091303
31091473
31092719
31098183
31096791
31092693
31092693
31093285
31095823
31097271
31096929
31094193
31092173
31095273
31094423
31095535
31095351
31094407
31091469
31093525
31096175
31094805
31096647
31098307
31097765
31097193
31097413
31093567
31092097
31098427
31095011
31093619
31092281
31091743
31091275
31095899
31098567
31096479
31097091
31095985
31095403
31092345
31092179
31095873
31095667
31097979
31098159
31097657
31095039
31095651
31092331
31093917
31093081
31096449
31092425
31095901
31095189
31093943
31594213
31096393
31091801
31094113
31092937
31092857
31093787
31093221
31093977
31095135
31092837
31096719
31091283
33310267
31097529
31096505
31092383
31094319
31098115
31093597
31091687
31092051
31097891
31096703
31092615
31093111
31093765
31092037
31094279
31093085
31092771
31093671
31094469
31095845
31096477
31095551
31097017
31097161
31097161
31095921
31093121
31093373
31092379
31098465
31095235
31092729
31096865
31095159
31094575
31097331
31095607
31096323
31093883
31094497
31097987
31093133
31095063
31094337
31095493
31097721
31093887
31094911
31097479
31093345
31094467
31097601
31094031
31096093
31093739
31093151
31092295
31092023
31092303
31096101
31093493
31097849
31095277
31091381
31094471
31092859
31093211
31096199
31097781
31093227
31097849
31092385
31092391
31091835
31091651
31093329
31094675
31095133
31098289
31094675
31094821
31095091
31096859
31097093
31093839
31096161
31095905
31092691
31097037
31091485
31093195
31095785
31095855
31092257
31092307
31096481
31096467
31095979
31093381
31092047
31092387
31094493
31092325
31096695
31092999
31096983
